
Model 1:L! norm [1.0833333333333333, 0.9566666666666668, 0.9299999999999999, 0.8783333333333333, 0.7773333333333333, 0.83, 0.8076190476190477, 0.7525, 0.7866666666666667, 0.7440000000000001, 0.7409090909090909, 0.7716666666666667, 0.7671794871794871, 0.7566666666666666, 0.7513333333333334, 0.7524999999999998, 0.7596078431372548, 0.7422222222222222, 0.7524561403508772, 0.732, 0.741904761904762, 0.7293939393939393, 0.7123188405797102, 0.7525000000000001]
Train modes covered [26, 41, 46, 43, 46, 46, 46, 46, 48, 48, 48, 48, 48, 47, 48, 48, 48, 48, 48, 48, 48, 48, 48, 48]
False modes covered [18, 23, 33, 45, 41, 50, 53, 55, 64, 64, 67, 74, 77, 72, 77, 76, 85, 86, 79, 97, 89, 86, 93, 97]
New modes covered [29, 34, 38, 48, 55, 51, 56, 57, 59, 63, 62, 63, 66, 65, 64, 63, 63, 66, 65, 66, 69, 66, 65, 67]

Mode1 wiht Kernel Div druing infer: L! norm [1.1500000000000001, 0.9533333333333333, 0.9633333333333333, 0.8183333333333334, 0.7926666666666666, 0.7600000000000001, 0.6928571428571428, 0.7150000000000001, 0.8322222222222222, 0.7506666666666667, 0.7615151515151515, 0.7583333333333332, 0.7574358974358975, 0.7738095238095238, 0.748, 0.7100000000000001, 0.7452941176470588, 0.7533333333333334, 0.7063157894736841, 0.6733333333333333, 0.719047619047619, 0.7139393939393939, 0.7237681159420291, 0.705]
Train modes covered [27, 40, 41, 46, 48, 47, 47, 47, 47, 48, 48, 47, 48, 47, 48, 48, 48, 48, 48, 48, 48, 48, 48, 48]
False modes covered [17, 27, 30, 47, 50, 60, 66, 71, 74, 84, 91, 79, 89, 105, 102, 102, 114, 117, 110, 120, 110, 129, 131, 133]
New modes covered [24, 36, 38, 53, 58, 58, 60, 66, 62, 62, 67, 63, 66, 66, 69, 67, 70, 69, 66, 70, 70, 69, 70, 71]


Model trained with KDE: L! norm [1.0833333333333333, 1.0066666666666666, 0.8933333333333334, 0.7916666666666667, 0.8193333333333335, 0.8166666666666665, 0.7976190476190476, 0.7916666666666667, 0.7744444444444445, 0.7293333333333334, 0.7278787878787878, 0.7533333333333332, 0.7705128205128206, 0.7457142857142858, 0.7693333333333333, 0.7308333333333333, 0.7335294117647059, 0.7222222222222222, 0.7268421052631578, 0.752, 0.73, 0.7103030303030303, 0.7389855072463768, 0.7458333333333333]
Train modes covered [30, 40, 42, 48, 48, 48, 48, 48, 47, 48, 48, 48, 48, 48, 48, 48, 48, 48, 48, 48, 48, 48, 48, 48]
False modes covered [15, 30, 30, 41, 45, 59, 62, 55, 66, 72, 70, 74, 80, 79, 81, 86, 82, 95, 91, 101, 98, 95, 94, 99]
New modes covered [25, 34, 40, 46, 47, 56, 54, 52, 58, 61, 60, 60, 62, 61, 60, 63, 60, 63, 62, 67, 65, 66, 62, 66]

Model trained with KDE wiht Kernel Div druing infer: L! norm [1.0833333333333335, 1.0066666666666664, 0.8699999999999999, 0.8416666666666668, 0.8000000000000002, 0.8333333333333333, 0.8166666666666667, 0.7875, 0.7622222222222222, 0.7666666666666667, 0.7227272727272727, 0.7716666666666667, 0.7766666666666666, 0.7476190476190476, 0.806, 0.7345833333333333, 0.7547058823529411, 0.7388888888888888, 0.7366666666666666, 0.738, 0.7171428571428572, 0.726969696969697, 0.7557971014492754, 0.7383333333333334]
Train modes covered [32, 41, 44, 48, 48, 48, 48, 47, 48, 48, 48, 48, 48, 48, 48, 48, 48, 48, 48, 48, 48, 48, 48, 48]
False modes covered [16, 30, 33, 42, 47, 58, 58, 57, 66, 67, 69, 71, 77, 75, 77, 82, 86, 87, 92, 90, 95, 95, 102, 94]
New modes covered [23, 33, 42, 43, 51, 51, 56, 56, 56, 58, 60, 58, 56, 64, 59, 62, 63, 64, 64, 66, 68, 61, 63, 64]

Model 2: L! norm [1.0833333333333335, 0.95, 0.92, 0.94, 0.8566666666666667, 0.7966666666666666, 0.8247619047619048, 0.7875000000000001, 0.8244444444444445, 0.7913333333333333, 0.8036363636363637, 0.8183333333333334, 0.8012820512820514, 0.809047619047619, 0.8013333333333332, 0.7604166666666666, 0.7747058823529411, 0.7644444444444444, 0.7468421052631579, 0.7556666666666667, 0.7471428571428572, 0.7766666666666667, 0.7268115942028984, 0.7766666666666666]
Train modes covered [27, 40, 42, 42, 43, 45, 44, 46, 46, 48, 48, 46, 47, 48, 48, 48, 47, 48, 48, 48, 48, 48, 48, 48]
False modes covered [17, 21, 30, 42, 48, 50, 55, 56, 52, 63, 65, 69, 76, 73, 69, 71, 80, 77, 78, 90, 89, 86, 87, 92]
New modes covered [28, 35, 37, 46, 51, 53, 56, 54, 58, 59, 65, 58, 62, 63, 61, 64, 63, 68, 67, 65, 66, 64, 67, 67]

Model 3: L! norm [1.0833333333333335, 0.9233333333333333, 0.9266666666666667, 0.8966666666666667, 0.7653333333333333, 0.83, 0.7795238095238095, 0.76, 0.7955555555555555, 0.7733333333333333, 0.7663636363636365, 0.7916666666666666, 0.7656410256410255, 0.7657142857142858, 0.7666666666666667, 0.7595833333333333, 0.7545098039215686, 0.7633333333333332, 0.7507017543859649, 0.7436666666666666, 0.7323809523809524, 0.7372727272727273, 0.716086956521739, 0.765]
Train modes covered [26, 40, 45, 43, 46, 46, 46, 47, 47, 48, 48, 48, 48, 48, 48, 48, 48, 48, 48, 48, 48, 48, 48, 48]
False modes covered [18, 20, 31, 44, 38, 46, 50, 54, 59, 58, 65, 65, 73, 73, 77, 75, 84, 81, 76, 88, 85, 83, 89, 96]
New modes covered [29, 37, 40, 46, 55, 49, 56, 57, 55, 62, 62, 61, 64, 64, 63, 63, 64, 65, 66, 65, 69, 65, 64, 66]

Model 4: L! norm [1.0666666666666669, 0.9299999999999999, 0.9233333333333335, 0.9233333333333332, 0.802, 0.8099999999999998, 0.8066666666666668, 0.7516666666666667, 0.811111111111111, 0.7733333333333332, 0.7866666666666668, 0.7899999999999999, 0.775897435897436, 0.7990476190476191, 0.7773333333333333, 0.7716666666666667, 0.7541176470588236, 0.7644444444444445, 0.762280701754386, 0.747, 0.7380952380952381, 0.7560606060606061, 0.7168115942028985, 0.7675]
Train modes covered [27, 40, 44, 43, 43, 45, 46, 47, 46, 48, 48, 47, 48, 48, 48, 48, 48, 48, 48, 48, 48, 48, 48, 48]
False modes covered [16, 19, 30, 44, 44, 49, 49, 54, 56, 57, 64, 66, 70, 76, 68, 72, 84, 77, 76, 85, 84, 80, 90, 95]
New modes covered [29, 37, 39, 46, 52, 50, 55, 57, 56, 61, 62, 59, 64, 63, 62, 63, 64, 67, 66, 64, 69, 65, 64, 66]

Model 5: L! norm [1.1166666666666667, 0.9533333333333334, 0.9166666666666666, 0.955, 0.866, 0.7900000000000001, 0.8523809523809524, 0.7683333333333333, 0.8266666666666667, 0.8180000000000001, 0.8209090909090907, 0.8333333333333333, 0.8002564102564101, 0.8071428571428572, 0.8060000000000002, 0.7583333333333333, 0.7841176470588235, 0.7677777777777777, 0.7680701754385963, 0.7540000000000001, 0.7642857142857143, 0.783030303030303, 0.7447826086956523, 0.7825]
Train modes covered [26, 39, 41, 41, 43, 47, 44, 46, 46, 48, 48, 47, 47, 48, 48, 48, 47, 48, 47, 48, 48, 48, 48, 48]
False modes covered [17, 21, 30, 41, 45, 50, 53, 59, 53, 63, 67, 71, 75, 71, 73, 70, 83, 75, 78, 80, 90, 89, 88, 91]
New modes covered [27, 35, 37, 45, 48, 53, 55, 57, 56, 60, 65, 58, 64, 63, 61, 66, 63, 67, 67, 65, 67, 65, 67, 67]

Model 6: L! norm [1.1333333333333333, 0.9333333333333335, 0.9133333333333332, 0.9533333333333334, 0.8693333333333333, 0.7833333333333333, 0.8495238095238096, 0.76, 0.8266666666666667, 0.8186666666666667, 0.8300000000000001, 0.8166666666666667, 0.7982051282051282, 0.8076190476190477, 0.8013333333333332, 0.7633333333333334, 0.7762745098039215, 0.7522222222222222, 0.7640350877192983, 0.7453333333333333, 0.7714285714285715, 0.7718181818181818, 0.7457971014492755, 0.7841666666666667]
Train modes covered [26, 42, 41, 42, 44, 46, 44, 45, 46, 48, 48, 47, 47, 48, 48, 48, 47, 48, 47, 48, 48, 48, 48, 48]
False modes covered [17, 22, 33, 40, 44, 51, 51, 56, 55, 60, 67, 69, 75, 67, 70, 74, 82, 76, 79, 81, 88, 85, 86, 89]
New modes covered [26, 36, 37, 47, 50, 55, 52, 58, 57, 60, 66, 59, 65, 63, 61, 62, 63, 66, 67, 64, 67, 64, 67, 67]

Model 7: L! norm [1.15, 0.9533333333333334, 0.8933333333333333, 0.9366666666666665, 0.8513333333333332, 0.79, 0.8638095238095238, 0.7766666666666666, 0.8088888888888889, 0.8093333333333332, 0.8184848484848485, 0.8016666666666666, 0.7807692307692308, 0.8085714285714286, 0.7973333333333332, 0.7533333333333334, 0.7780392156862745, 0.7455555555555554, 0.7568421052631579, 0.743, 0.7514285714285714, 0.7678787878787878, 0.7301449275362318, 0.7658333333333335]
Train modes covered [25, 41, 42, 43, 45, 47, 45, 45, 47, 48, 48, 47, 48, 48, 48, 48, 47, 48, 47, 48, 48, 48, 48, 48]
False modes covered [17, 22, 32, 45, 47, 53, 57, 56, 57, 65, 74, 73, 79, 71, 68, 80, 86, 75, 81, 86, 93, 88, 87, 97]
New modes covered [26, 35, 43, 48, 54, 53, 53, 61, 58, 60, 65, 57, 64, 63, 60, 62, 63, 67, 67, 65, 68, 66, 66, 67]

Model 8: L! norm [1.0666666666666667, 0.96, 0.8899999999999999, 0.9183333333333333, 0.8113333333333334, 0.8233333333333331, 0.8757142857142858, 0.7725, 0.8188888888888888, 0.7926666666666665, 0.8118181818181819, 0.795, 0.7715384615384614, 0.8033333333333332, 0.7919999999999998, 0.7683333333333333, 0.7680392156862745, 0.7577777777777778, 0.7836842105263159, 0.7509999999999999, 0.7428571428571429, 0.7706060606060606, 0.7246376811594203, 0.7625000000000001]
Train modes covered [27, 41, 43, 43, 44, 45, 47, 47, 47, 48, 48, 47, 48, 48, 48, 48, 48, 48, 48, 48, 48, 48, 48, 48]
False modes covered [17, 21, 29, 45, 43, 49, 56, 56, 54, 68, 69, 70, 74, 71, 69, 77, 87, 79, 84, 87, 90, 88, 90, 101]
New modes covered [29, 35, 42, 48, 53, 50, 55, 59, 57, 59, 63, 58, 63, 63, 63, 63, 63, 66, 67, 65, 68, 64, 67, 67]

Intersection: L! norm [1.2666666666666666, 1.0001377410468322, 0.9429516080553051, 0.9215236194278109, 0.8435928629359286, 0.7947069116360455, 0.8322007075032583, 0.7587153001936735, 0.8043107554539393, 0.7705049471170249, 0.7902085747392816, 0.805965061780997, 0.7706687524442707, 0.7834239951647023, 0.7750640863122905, 0.7489747446757976, 0.7511456465431362, 0.7486854460093897, 0.7486533788152409, 0.7355145023977018, 0.7343424302668835, 0.7519125683060109, 0.7105538140020897, 0.7589001523189244]
Train modes covered [21, 36, 39, 41, 41, 45, 43, 45, 45, 48, 48, 45, 47, 47, 48, 48, 47, 48, 47, 48, 48, 48, 48, 48]
False modes covered [14, 18, 21, 29, 28, 33, 38, 42, 44, 45, 55, 57, 60, 58, 59, 60, 64, 64, 58, 68, 69, 67, 69, 77]
New modes covered [23, 28, 32, 41, 44, 45, 48, 50, 51, 58, 59, 53, 60, 62, 58, 60, 61, 62, 64, 62, 65, 62, 63, 66]

Union: L! norm [1.0616666666666665, 0.8883333333333333, 0.8866666666666667, 0.90375, 0.7993333333333332, 0.7858333333333334, 0.8160714285714286, 0.7486458333333333, 0.7958333333333333, 0.7759166666666666, 0.786439393939394, 0.7958333333333333, 0.7716025641025641, 0.7857142857142857, 0.7753333333333333, 0.7521354166666667, 0.7557352941176472, 0.7476388888888889, 0.7513596491228071, 0.7374166666666666, 0.7383333333333333, 0.755719696969697, 0.7151086956521738, 0.7625000000000001]
Train modes covered [34, 45, 46, 43, 48, 48, 47, 47, 48, 48, 48, 48, 48, 48, 48, 48, 48, 48, 48, 48, 48, 48, 48, 48]
False modes covered [22, 27, 47, 61, 64, 68, 77, 74, 73, 85, 86, 83, 97, 85, 96, 91, 108, 96, 104, 107, 110, 107, 112, 119]
New modes covered [35, 40, 46, 52, 57, 58, 60, 65, 63, 65, 66, 65, 67, 66, 66, 68, 67, 68, 69, 67, 70, 69, 67, 67]

semi_inersection: L! norm [1.1452380952380952, 0.9033842563123277, 0.8936389481165601, 0.9061176098640531, 0.80025367833587, 0.7870389810343621, 0.8153263613415074, 0.750336010920355, 0.7944568452380951, 0.7757873107728435, 0.7847966552641581, 0.796342737722048, 0.7707850707850709, 0.785862562634216, 0.7731458228695797, 0.7515992474129821, 0.7555211101269559, 0.7462589059852862, 0.7503430984428608, 0.7370200944145047, 0.7372575350641599, 0.7550818800106387, 0.7137254901960784, 0.7612653998747128]
Train modes covered [25, 41, 43, 43, 43, 46, 47, 47, 47, 48, 48, 48, 48, 48, 48, 48, 48, 48, 48, 48, 48, 48, 48, 48]
False modes covered [17, 21, 29, 46, 43, 54, 53, 57, 57, 63, 68, 72, 76, 74, 68, 75, 85, 79, 83, 90, 92, 88, 91, 95]
New modes covered [28, 36, 41, 48, 55, 53, 56, 59, 60, 60, 66, 60, 64, 63, 64, 63, 62, 68, 67, 65, 68, 65, 67, 67]

Weighted: L! norm [1.1346560846560847, 0.9008365508365508, 0.8930970680330202, 0.9112082670906201, 0.8061162079510704, 0.7907438955139126, 0.8152331700235892, 0.7505270092226614, 0.7977057368249078, 0.7726648987666793, 0.7876146788990825, 0.7955956375838925, 0.7698113207547171, 0.7858984689766317, 0.7745270628999357, 0.7505340873389884, 0.7540918827092103, 0.7464486589504021, 0.7494703740483284, 0.7367545511613308, 0.7358942165889434, 0.7542506806801088, 0.7133507853403139, 0.7609558631496474]
Train modes covered [27, 40, 44, 43, 44, 45, 46, 47, 47, 48, 48, 48, 48, 48, 48, 48, 48, 48, 48, 48, 48, 48, 48, 48]
False modes covered [16, 19, 29, 45, 43, 47, 48, 55, 56, 57, 63, 67, 71, 73, 68, 71, 83, 78, 75, 87, 85, 81, 88, 95]
New modes covered [28, 37, 40, 46, 52, 50, 56, 58, 56, 61, 62, 59, 64, 63, 62, 63, 64, 67, 66, 64, 69, 65, 66, 67]



Model 0.25: L! norm [1.0833333333333333, 0.9566666666666668, 0.9299999999999999, 0.8783333333333333, 0.7773333333333333, 0.83, 0.8076190476190477, 0.7525, 0.7866666666666667, 0.7440000000000001, 0.7409090909090909, 0.7716666666666667, 0.7671794871794871, 0.7566666666666666, 0.7513333333333334, 0.7524999999999998, 0.7596078431372548, 0.7422222222222222, 0.7524561403508772, 0.732, 0.741904761904762, 0.7293939393939393, 0.7123188405797102, 0.7525000000000001]
Train modes covered [26, 41, 46, 43, 46, 46, 46, 46, 48, 48, 48, 48, 48, 47, 48, 48, 48, 48, 48, 48, 48, 48, 48, 48]
False modes covered [18, 23, 33, 45, 41, 50, 53, 55, 64, 64, 67, 74, 77, 72, 77, 76, 85, 86, 79, 97, 89, 86, 93, 97]
New modes covered [29, 34, 38, 48, 55, 51, 56, 57, 59, 63, 62, 63, 66, 65, 64, 63, 63, 66, 65, 66, 69, 66, 65, 67]

Model 0.35: L! norm [1.15, 1.0066666666666668, 0.94, 0.91, 0.9446666666666665, 0.8633333333333333, 0.8495238095238096, 0.8683333333333332, 0.8744444444444446, 0.8486666666666667, 0.8490909090909092, 0.8433333333333334, 0.8584615384615384, 0.8476190476190476, 0.8353333333333334, 0.8600000000000001, 0.8156862745098039, 0.7999999999999999, 0.8292982456140352, 0.851, 0.8014285714285715, 0.8506060606060608, 0.8282608695652174, 0.825]
Train modes covered [28, 39, 42, 46, 47, 48, 48, 48, 48, 47, 48, 48, 48, 48, 48, 48, 48, 48, 48, 48, 48, 48, 48, 48]
False modes covered [8, 18, 21, 35, 41, 46, 43, 50, 49, 58, 46, 53, 55, 59, 62, 73, 66, 68, 72, 73, 69, 66, 72, 72]
New modes covered [23, 31, 40, 40, 46, 47, 51, 48, 52, 55, 47, 54, 54, 59, 59, 59, 56, 59, 59, 60, 64, 60, 62, 58]

Model 0.5: L! norm [1.2333333333333334, 1.04, 1.0133333333333334, 0.9116666666666667, 0.8866666666666666, 0.9033333333333334, 0.9076190476190478, 0.8641666666666666, 0.8966666666666668, 0.8833333333333333, 0.866060606060606, 0.8616666666666668, 0.8861538461538463, 0.8552380952380951, 0.9013333333333333, 0.8591666666666666, 0.887843137254902, 0.8411111111111113, 0.879298245614035, 0.8710000000000001, 0.859047619047619, 0.8693939393939395, 0.8588405797101449, 0.8733333333333334]
Train modes covered [30, 41, 42, 45, 47, 45, 45, 46, 46, 46, 47, 46, 47, 47, 47, 46, 47, 47, 46, 47, 48, 47, 47, 47]
False modes covered [7, 9, 15, 14, 20, 29, 21, 28, 29, 35, 28, 32, 31, 39, 40, 34, 34, 37, 42, 49, 37, 43, 42, 44]
New modes covered [16, 27, 31, 36, 45, 45, 41, 44, 47, 50, 53, 49, 52, 52, 52, 57, 53, 56, 54, 55, 55, 58, 54, 54]

Model 0.75: L! norm [1.1833333333333331, 0.9933333333333335, 0.9533333333333334, 0.8999999999999999, 0.8933333333333333, 0.9066666666666667, 0.9066666666666668, 0.9091666666666666, 0.8922222222222222, 0.8466666666666668, 0.8742424242424242, 0.8333333333333333, 0.8797435897435897, 0.8857142857142859, 0.8700000000000001, 0.8358333333333333, 0.8454901960784315, 0.8633333333333333, 0.862280701754386, 0.8576666666666667, 0.8533333333333333, 0.8551515151515152, 0.847536231884058, 0.8566666666666667]
Train modes covered [30, 39, 42, 45, 43, 46, 45, 45, 45, 46, 45, 46, 46, 45, 46, 45, 45, 45, 45, 46, 46, 46, 46, 46]
False modes covered [6, 9, 15, 11, 22, 26, 24, 32, 28, 36, 34, 29, 35, 36, 43, 42, 39, 41, 44, 49, 46, 46, 45, 42]
New modes covered [19, 31, 37, 38, 44, 47, 43, 49, 50, 50, 52, 52, 52, 58, 59, 61, 57, 56, 61, 57, 59, 58, 58, 59]


Union 1,5,6,7,8:

L! norm [0.9726666666666667, 0.8393333333333333, 0.84, 0.8583333333333334, 0.7776, 0.756, 0.7856190476190477, 0.7363333333333335, 0.7779999999999998, 0.756, 0.7691515151515151, 0.7679999999999999, 0.7500512820512821, 0.7738095238095238, 0.7517333333333334, 0.7530833333333333, 0.7463529411764707, 0.7297777777777779, 0.7469122807017544, 0.7350666666666668, 0.7278095238095237, 0.7326666666666667, 0.7053623188405796, 0.7498333333333334]
Train modes covered [39, 46, 48, 46, 48, 48, 47, 48, 48, 48, 48, 48, 48, 48, 48, 48, 48, 48, 48, 48, 48, 48, 48, 48]
False modes covered [26, 34, 48, 60, 62, 71, 78, 72, 74, 86, 90, 87, 97, 84, 95, 93, 106, 96, 107, 105, 108, 107, 110, 117]
New modes covered [40, 47, 52, 54, 60, 60, 62, 65, 64, 65, 66, 66, 67, 66, 67, 66, 68, 68, 69, 67, 70, 69, 68, 68]


For each model for each seed samples//models ,models 0.25,0.35,0.5,0.75
L! norm [1.1500000000000001, 0.9733333333333334, 0.9633333333333334, 0.8683333333333333, 0.8733333333333333, 0.9033333333333334, 0.840952380952381, 0.8391666666666666, 0.8544444444444445, 0.7826666666666666, 0.8045454545454546, 0.8200000000000001, 0.8179487179487179, 0.8223809523809524, 0.798, 0.7779166666666667, 0.7494117647058824, 0.7966666666666666, 0.7866666666666667, 0.8039999999999999, 0.7847619047619047, 0.8145454545454545, 0.7672463768115942, 0.7808333333333333]
Train modes covered [25, 40, 46, 46, 45, 48, 48, 47, 48, 48, 48, 48, 48, 48, 48, 48, 48, 48, 48, 48, 48, 48, 48, 48]
False modes covered [10, 16, 28, 29, 31, 42, 46, 41, 48, 49, 50, 52, 57, 59, 66, 61, 66, 68, 63, 71, 76, 60, 76, 76]
New modes covered [26, 32, 37, 49, 48, 46, 49, 50, 56, 56, 55, 58, 60, 59, 61, 63, 61, 59, 60, 64, 63, 64, 63, 65]


For each model different seeds are used, on equqal number, models 0.25,0.35,0.5,0.75

L! norm [1.2, 0.9366666666666666, 0.9466666666666668, 0.9233333333333333, 0.8340000000000001, 0.8666666666666666, 0.8571428571428572, 0.815, 0.8477777777777779, 0.7893333333333333, 0.8115151515151516, 0.8300000000000001, 0.8079487179487179, 0.8342857142857143, 0.8393333333333333, 0.8154166666666666, 0.7780392156862744, 0.7922222222222222, 0.8036842105263158, 0.7873333333333333, 0.8, 0.7966666666666666, 0.7908695652173913, 0.8041666666666668]
Train modes covered [30, 39, 46, 45, 48, 46, 47, 48, 48, 48, 47, 47, 48, 48, 48, 48, 48, 48, 48, 48, 48, 48, 48, 48]
False modes covered [10, 16, 22, 26, 36, 43, 40, 42, 47, 43, 46, 50, 56, 55, 61, 64, 55, 62, 64, 68, 65, 62, 65, 82]
New modes covered [18, 34, 34, 38, 49, 49, 52, 53, 52, 60, 55, 56, 60, 61, 61, 62, 60, 62, 61, 59, 63, 64, 61, 63]


L! norm [1.1999999999999997, 0.9641975308641975, 0.9477366255144032, 0.9056243550051599, 0.8092457420924573, 0.8267893660531697, 0.8331873905429071, 0.7643554185927067, 0.8078189300411523, 0.7680981595092026, 0.7561797752808989, 0.8118609406952965, 0.7805449936628645, 0.7745366284201234, 0.7738527067875789, 0.7688139059304704, 0.7722222222222221, 0.7639175257731958, 0.7678224238496436, 0.7506961506961506, 0.7700352526439482, 0.7642061281337047, 0.7363854778430325, 0.7770173646578141]
Train modes covered [23, 40, 44, 42, 45, 46, 45, 46, 47, 48, 47, 47, 48, 47, 48, 48, 48, 48, 48, 48, 47, 48, 48, 47]
False modes covered [9, 19, 16, 28, 30, 37, 36, 34, 42, 42, 40, 43, 51, 55, 50, 49, 55, 51, 47, 58, 54, 54, 56, 61]
New modes covered [25, 32, 35, 43, 47, 48, 49, 53, 55, 56, 58, 58, 60, 58, 59, 60, 60, 56, 59, 59, 58, 63, 63, 62]




5D : 
L! norm [1.3960396039603964, 1.1089108910891088, 1.0168316831683168, 0.9379207920792079, 1.0023366336633666, 0.9207590759075908, 0.8669306930693069, 0.8519306930693071, 0.9059405940594059, 0.8785346534653465, 0.8742214221422143, 0.8249669966996698, 0.8584463061690782, 0.8106223479490806, 0.8036699669966997, 0.7787376237623763, 0.8592778101339547, 0.8155225522552255, 0.770745179781136, 0.8446435643564357, 0.7914568599717113, 0.813114311431143, 0.8316917778734395, 0.8390759075907592]
Train modes covered [27, 43, 51, 56, 59, 59, 67, 62, 70, 68, 69, 74, 68, 75, 76, 78, 76, 74, 77, 75, 78, 77, 76, 78]
False modes covered [5, 21, 18, 26, 28, 40, 44, 63, 53, 68, 71, 74, 83, 79, 81, 81, 95, 101, 94, 89, 99, 107, 106, 108]
New modes covered [34, 47, 63, 78, 77, 85, 91, 103, 100, 101, 107, 108, 103, 108, 116, 113, 111, 114, 113, 115, 117, 118, 116, 115]

Mode1 wiht Kernel Div druing infer: L! norm [1.3762376237623763, 1.0891089108910892, 0.9774257425742573, 0.8595049504950494, 0.9023366336633665, 0.8611551155115512, 0.8040735502121641, 0.774628712871287, 0.786952695269527, 0.7686336633663367, 0.7499729972997299, 0.7517326732673267, 0.7569078446306168, 0.7411173974540313, 0.6981386138613863, 0.6835396039603959, 0.7155503785672684, 0.69006600660066, 0.6953830119854093, 0.7362376237623762, 0.6884205563413486, 0.6914941494149416, 0.7052087817477398, 0.700404290429043]
Train modes covered [26, 42, 53, 58, 60, 64, 69, 72, 71, 73, 73, 74, 75, 75, 79, 80, 77, 78, 79, 77, 80, 79, 78, 79]
False modes covered [5, 22, 24, 32, 42, 56, 74, 88, 74, 106, 87, 109, 141, 150, 126, 132, 161, 163, 168, 180, 182, 183, 179, 198]
New modes covered [37, 50, 64, 76, 89, 94, 101, 106, 109, 112, 112, 114, 110, 114, 117, 117, 119, 118, 120, 117, 120, 119, 118, 122]

Ours:

beta sheet percentages: 0.3924920510069995 +- 0.0243900070947504
instability indices: 36.169963053903636 +- 6.524464971578566
aromaticity: 0.11801196513965563 +- 0.0120261279614905
Unique percentage: 1.0
Intra Diversity: 102.65380780780781 +- 25.391641780069804
number of val  9999
Edit Distance: 108.7506890689069 +- 19.500629972699965
FID 0.12274044254394484
DCS: 0.405900 +- 0.291682


Baseline:

beta sheet percentages: 0.378528164840892 +- 0.021716574415716013
instability indices: 39.452261571479816 +- 6.31623271215342
aromaticity: 0.11574850008672334 +- 0.01228548074467686
Unique percentage: 1.0
Intra Diversity: 104.20856456456457 +- 22.927833955510867
number of val  9999
Edit Distance: 106.56753295329533 +- 20.316078796412842
FID 0.1971154305182986
DCS: 0.434475 +- 0.295458


k 100, n 1000
ours
beta sheet percentages: 0.3924920510069995 +- 0.0243900070947504
instability indices: 36.169963053903636 +- 6.524464971578566
aromaticity: 0.11801196513965563 +- 0.0120261279614905
Unique percentage: 1.0
Intra Diversity: 102.65380780780781 +- 25.391641780069804
number of val  99
Edit Distance: 109.30028282828283 +- 21.836692129357214
FD 0.1135173819899486
1000it [00:25, 38.97it/s]
DCS: 0.41217 +- 0.3062988591229161
DCS: 0.412170 +- 0.306299

1.0
beta sheet percentages: 0.378528164840892 +- 0.021716574415716013
instability indices: 39.452261571479816 +- 6.31623271215342
aromaticity: 0.11574850008672334 +- 0.01228548074467686
Unique percentage: 1.0
Intra Diversity: 104.20856456456457 +- 22.927833955510867
number of val  99
Edit Distance: 108.04572727272728 +- 21.71985220307909
FD 0.19659498889598986
1000it [00:25, 39.88it/s]
DCS: 0.43505999999999995 +- 0.3087179884619618
DCS: 0.435060 +- 0.308718

0.5
beta sheet percentages: 0.3777196549673657 +- 0.02003090846316523
instability indices: 38.49182549059913 +- 6.085452566601715
aromaticity: 0.11387192875841154 +- 0.012616313735794667
Unique percentage: 1.0
Intra Diversity: 122.14713513513513 +- 21.16741279101019
number of val  99
Edit Distance: 118.85643434343434 +- 20.0583161174589
FD 4.938380409043656
1000it [00:25, 39.99it/s]
DCS: 0.22258 +- 0.27710890205837846
DCS: 0.222580 +- 0.277109




Ours:
beta sheet percentages: 0.3944426791077364 +- 0.024701998125831952
instability indices: 35.72744697726371 +- 6.3789289222797665
aromaticity: 0.1174423843782708 +- 0.0120795997702387
Unique percentage: 1.0
Intra Diversity: 99.29486886886887 +- 26.79726722687689
number of val  99
Edit Distance: 108.3690101010101 +- 22.10843646345177
FID 0.08993960322823584
1000it [00:33, 30.19it/s]
DCS: 0.41907000000000005 +- 0.30687853476579297
DCS: 0.419070 +- 0.306879

1.0
beta sheet percentages: 0.37711409789395 +- 0.020133522015032067
instability indices: 39.61389732878344 +- 5.952041162818495
aromaticity: 0.11473190381988124 +- 0.011434415977478962
Unique percentage: 1.0
Intra Diversity: 96.34880280280281 +- 24.837632904051635
number of val  99
Edit Distance: 103.16758585858585 +- 23.337540006732944
FID 0.18479165182634905
1000it [00:25, 39.10it/s]
DCS: 0.48621000000000003 +- 0.31578590199690676
DCS: 0.486210 +- 0.315786

0.5
beta sheet percentages: 0.37749720576219353 +- 0.02020549493372595
instability indices: 38.37728277736154 +- 5.951066344931015
aromaticity: 0.11363155496254103 +- 0.012701799777329046
Unique percentage: 1.0
Intra Diversity: 119.76115115115115 +- 20.990850627982244
number of val  99
Edit Distance: 117.87168686868687 +- 19.683214157721203
FID 4.067906986935053
1000it [00:25, 39.40it/s]
DCS: 0.23884 +- 0.2844638


0.75
beta sheet percentages: 0.3755722521076847 +- 0.019499360559386194
instability indices: 38.64413159420454 +- 6.653424659636182
aromaticity: 0.11564362891575226 +- 0.01188332712669729
Unique percentage: 1.0
Intra Diversity: 103.12661461461461 +- 21.95711018003245
number of val  99
Edit Distance: 110.03291919191919 +- 19.081200679126727
FID 0.13828294463670765
1000it [00:26, 37.72it/s]
DCS: 0.4625 +- 0.2999059019092488
DCS: 0.462500 +- 0.299906

K=1000,n=10000
ours
beta sheet percentages: 0.39445500682317275 +- 0.02470983272692774
instability indices: 35.745599142420645 +- 6.3979632707052785
aromaticity: 0.11745812874236232 +- 0.012091336267809729
Unique percentage: 1.0
Intra Diversity: 99.30298298298298 +- 26.794258366151926
number of val  999
Edit Distance: 103.17466666666667 +- 22.230430767668814
FID 0.14536181679235233
DCS: 0.392498 +- 0.298189

Ours(0.5 during inference)
beta sheet percentages: 0.3924540210744184 +- 0.02368627954984828
instability indices: 36.66146592146938 +- 6.4884630855381005
aromaticity: 0.11675409385587877 +- 0.010975797889851103
Unique percentage: 1.0
Intra Diversity: 102.12791591591592 +- 25.764696960966322
number of test  999
Edit Distance: 104.5317017017017 +- 22.060778226142663
FID 0.150386486177666
DCS: 0.444541 +- 0.296880

1.0 from zarif's repo
beta sheet percentages: 0.39284785525573157 +- 0.024674440414598778
instability indices: 35.94535344216581 +- 6.346277756220137
aromaticity: 0.11396656827023315 +- 0.012651630179191726
Unique percentage: 1.0
Intra Diversity: 93.9224044044044 +- 25.62411673215144
number of test  999
Edit Distance: 104.21771471471472 +- 22.975651966505314
FID 0.3697369495280817
DCS: 0.444380 +- 0.300434

same as above (0.5 during inf)
beta sheet percentages: 0.3906941589740815 +- 0.02365377279144911
instability indices: 35.97421818282233 +- 6.54538688780007
aromaticity: 0.1130437334880313 +- 0.011689875788416163
Unique percentage: 1.0
5Intra Diversity: 95.40184184184184 +- 25.16743046413714
number of test  999
Edit Distance: 104.27772672672673 +- 22.999603426040885
FID 0.46285580718330854
DCS: 0.459979 +- 0.305115


ours (Druing inferece, varying sigma, 0.5 noise to lang)
beta sheet percentages: 0.39003261993083493 +- 0.021905136010147225
instability indices: 37.37881084873631 +- 6.334596709496484
aromaticity: 0.1176168809768821 +- 0.010958016689227775
Unique percentage: 1.0
Intra Diversity: 104.38448848848849 +- 24.66939446879624
number of test  999
Edit Distance: 105.06783183183182 +- 21.458888445981653
FID 0.11155549978392543
DCS: 0.468645 +- 0.296082



1.0
beta sheet percentages: 0.3762855681674551 +- 0.019908082121623195
instability indices: 39.80347414850035 +- 5.907813011300727
aromaticity: 0.11434705922888691 +- 0.011265073619478207
Unique percentage: 1.0
Intra Diversity: 96.44136936936937 +- 24.64220335263824
number of test  999
Edit Distance: 97.66005905905907 +- 23.899243221136906
FID 0.29922392999360253
DCS: 0.460084 +- 0.302720

same as above (0.5 duringinfe)
beta sheet percentages: 0.37846141057281035 +- 0.02231020768692079
instability indices: 38.89459509722364 +- 6.195517119845001
aromaticity: 0.11397130501469041 +- 0.011432705979123858
Unique percentage: 1.0
Intra Diversity: 100.66817017017017 +- 23.764080807211606
number of test  999
Edit Distance: 101.36588488488489 +- 22.992893516802905
FID 0.600809504031928
DCS: 0.411485 +- 0.311917

for 1.0 baseline(, but different varyign sigma and 0.5 langev)
beta sheet percentages: 0.3785954971000418 +- 0.02157562819723126
instability indices: 39.26410888086613 +- 6.551487507243197
aromaticity: 0.1140604148398573 +- 0.011438786008307309
Unique percentage: 0.999
Intra Diversity: 102.46331731731732 +- 23.30313106953772
number of test  999
Edit Distance: 102.94241041041042 +- 22.270441111550408
FID 0.6022016715970727
DCS: 0.384479 +- 0.307741


Now the genertaed samples are 10000(100 seeds, 100 samples)
Ours:
beta sheet percentages: 0.3935917462500318 +- 0.023537712040550857
instability indices: 35.80115094195216 +- 6.106659992516242
aromaticity: 0.11773242753818133 +- 0.011518521186120184
Unique percentage: 1.0
Intra Diversity: 98.05960060006001 +- 27.49355024681631
number of test  999
Edit Distance: 102.90514894894895 +- 22.07425781612984
FID 0.15637049504904105
DCS: 0.394706 +- 0.29590
1.0
beta sheet percentages: 0.37624727713206446 +- 0.019256989303386093
instability indices: 39.89677727953762 +- 5.936858990491041
aromaticity: 0.11506418025003246 +- 0.011057575396755878
Unique percentage: 1.0
Intra Diversity: 95.34832297229723 +- 24.599434379616103
number of test  999
Edit Distance: 97.28243563563564 +- 23.766382514371667
FID 0.28373063735783133
DCS: 0.452412 +- 0.300044
0.5
beta sheet percentages: 0.37723240148372633 +- 0.019210631401072507
instability indices: 38.45515177475667 +- 6.12145732731898
aromaticity: 0.11374434433681029 +- 0.012828044441733175
Unique percentage: 1.0
Intra Diversity: 119.31075259525953 +- 21.052824364978473
number of test  999
Edit Distance: 112.84392332332332 +- 21.161243513980573
FID 3.7024586684346596 (using test data)
DCS: 0.253926 +- 0.277308
Average WD: 0.0748179582384614
Total WD: 1.122269373576921
Proportion valid samples: 1.0

Toy-Data:4D
0.25 

With IID 0.5 alpha
Seed1
L! norm [1.1666666666666665, 0.9333333333333333, 0.8933333333333332, 0.9116666666666667, 0.8086666666666668, 0.8433333333333334, 0.8323809523809523, 0.8533333333333333, 0.8088888888888888, 0.7873333333333333, 0.7406060606060605, 0.735, 0.7648717948717949, 0.7852380952380952, 0.7653333333333334, 0.7166666666666667, 0.7098039215686275, 0.6844444444444445, 0.7291228070175438, 0.7223333333333333, 0.7166666666666667, 0.726969696969697, 0.7639130434782608, 0.7424999999999999]
Train modes covered [20, 37, 44, 36, 45, 45, 43, 46, 45, 44, 46, 46, 45, 46, 46, 45, 46, 46, 46, 46, 46, 46, 46, 46]
False modes covered [10, 16, 29, 33, 39, 40, 48, 58, 49, 59, 59, 64, 59, 71, 67, 74, 75, 78, 80, 83, 76, 88, 89, 86]
New modes covered [30, 41, 45, 55, 55, 50, 55, 55, 60, 61, 60, 62, 64, 65, 67, 61, 65, 69, 66, 67, 68, 66, 69, 67]

Seed2
L! norm [1.1333333333333333, 1.02, 0.8666666666666666, 0.81, 0.7999999999999999, 0.7766666666666666, 0.8157142857142857, 0.7516666666666667, 0.77, 0.7559999999999999, 0.7024242424242424, 0.72, 0.7523076923076923, 0.7500000000000001, 0.7353333333333333, 0.7362500000000001, 0.7268627450980392, 0.7077777777777777, 0.7250877192982456, 0.7303333333333334, 0.7157142857142857, 0.7369696969696969, 0.6978260869565217, 0.7083333333333334]
Train modes covered [24, 35, 39, 42, 41, 45, 43, 45, 46, 46, 46, 46, 46, 46, 46, 46, 46, 46, 47, 46, 46, 46, 46, 46]
False modes covered [7, 24, 25, 31, 40, 38, 49, 56, 56, 57, 62, 63, 74, 75, 72, 76, 85, 76, 82, 88, 89, 94, 87, 89]
New modes covered [28, 35, 48, 52, 55, 59, 58, 60, 63, 62, 66, 65, 68, 64, 67, 67, 67, 68, 63, 69, 68, 67, 68, 67]


Seed3:
L! norm [1.1500000000000001, 1.0166666666666666, 0.9333333333333332, 0.9516666666666667, 0.8413333333333334, 0.8699999999999999, 0.8176190476190476, 0.7858333333333334, 0.8744444444444446, 0.7886666666666666, 0.7493939393939395, 0.7216666666666667, 0.754102564102564, 0.7361904761904762, 0.7040000000000001, 0.6679166666666667, 0.7119607843137253, 0.7166666666666666, 0.6685964912280702, 0.6630000000000001, 0.6752380952380952, 0.6799999999999999, 0.6702898550724639, 0.6541666666666667]
Train modes covered [26, 36, 34, 39, 42, 43, 45, 45, 44, 46, 44, 46, 46, 45, 46, 46, 46, 46, 45, 46, 46, 46, 46, 46]
False modes covered [2, 7, 12, 23, 29, 24, 40, 41, 42, 43, 52, 41, 57, 51, 70, 62, 56, 74, 77, 75, 74, 83, 76, 75]
New modes covered [25, 37, 49, 48, 56, 54, 57, 60, 61, 66, 63, 66, 64, 68, 68, 70, 68, 69, 68, 69, 68, 70, 70, 70]

Seed4:
L! norm [1.1166666666666667, 0.9966666666666666, 0.8133333333333334, 0.7883333333333333, 0.7973333333333332, 0.7866666666666666, 0.7747619047619048, 0.7466666666666666, 0.6755555555555555, 0.7033333333333334, 0.7206060606060607, 0.6433333333333333, 0.693076923076923, 0.690952380952381, 0.646, 0.6649999999999999, 0.66, 0.6433333333333333, 0.6326315789473684, 0.6423333333333333, 0.6399999999999999, 0.6278787878787878, 0.6818840579710145, 0.6349999999999999]
Train modes covered [28, 34, 44, 45, 44, 43, 45, 45, 46, 46, 45, 46, 45, 46, 46, 46, 46, 46, 46, 46, 46, 46, 46, 46]
False modes covered [7, 15, 26, 32, 38, 40, 45, 46, 51, 57, 57, 60, 69, 74, 75, 77, 72, 76, 83, 85, 84, 86, 92, 90]
New modes covered [25, 35, 50, 52, 53, 54, 59, 58, 62, 65, 62, 68, 66, 68, 67, 69, 67, 67, 68, 67, 69, 70, 69, 69]

Seed5:
L! norm [1.166666666666667, 1.0533333333333332, 0.9233333333333333, 0.9066666666666667, 0.8453333333333333, 0.8033333333333333, 0.7142857142857143, 0.7766666666666667, 0.8066666666666666, 0.7333333333333333, 0.740909090909091, 0.7233333333333334, 0.7069230769230769, 0.7180952380952381, 0.6586666666666666, 0.6675, 0.6784313725490196, 0.6666666666666666, 0.6496491228070176, 0.635, 0.6695238095238095, 0.6848484848484848, 0.664927536231884, 0.665]
Train modes covered [25, 28, 37, 41, 42, 43, 45, 42, 46, 46, 46, 45, 46, 46, 46, 46, 46, 46, 46, 46, 46, 46, 46, 46]
False modes covered [1, 10, 14, 14, 22, 26, 31, 36, 46, 51, 47, 48, 59, 63, 58, 62, 60, 67, 67, 77, 81, 79, 87, 75]
New modes covered [25, 40, 45, 47, 52, 57, 62, 61, 59, 61, 67, 67, 68, 65, 66, 66, 69, 69, 68, 69, 69, 70, 69, 68]


Wihtout IID

Seed1:
L! norm [1.2166666666666666, 0.9666666666666665, 0.9566666666666668, 0.9766666666666668, 0.8313333333333334, 0.9333333333333336, 0.9276190476190477, 0.8558333333333333, 0.9211111111111113, 0.8600000000000002, 0.846969696969697, 0.8833333333333335, 0.9197435897435898, 0.8909523809523809, 0.858, 0.9166666666666666, 0.8686274509803921, 0.8522222222222222, 0.8612280701754386, 0.8853333333333333, 0.8842857142857143, 0.8390909090909091, 0.8642028985507245, 0.8808333333333334]
Train modes covered [19, 33, 41, 35, 43, 39, 40, 43, 42, 44, 46, 45, 45, 45, 46, 44, 46, 46, 45, 46, 46, 45, 45, 45]
False modes covered [8, 12, 29, 27, 27, 39, 42, 42, 37, 54, 53, 54, 52, 55, 51, 68, 57, 61, 62, 69, 66, 70, 72, 77]
New modes covered [28, 37, 42, 51, 57, 51, 56, 58, 52, 63, 59, 59, 58, 63, 64, 59, 65, 65, 66, 65, 66, 67, 66, 67]

Seed2:
L! norm [1.0833333333333335, 0.8866666666666668, 0.8933333333333334, 0.8466666666666666, 0.818, 0.8233333333333334, 0.8052380952380952, 0.8391666666666668, 0.7911111111111111, 0.8253333333333335, 0.8087878787878787, 0.7583333333333332, 0.7782051282051282, 0.8257142857142856, 0.7873333333333333, 0.8087499999999999, 0.7870588235294118, 0.76, 0.7561403508771929, 0.7573333333333333, 0.7771428571428571, 0.7787878787878788, 0.7731884057971014, 0.7858333333333334]
Train modes covered [25, 39, 41, 43, 42, 42, 44, 45, 44, 45, 46, 46, 46, 46, 45, 46, 46, 46, 46, 46, 46, 46, 46, 46]
False modes covered [3, 15, 24, 26, 33, 43, 42, 40, 43, 59, 43, 52, 64, 67, 65, 65, 63, 70, 75, 79, 72, 75, 78, 73]
New modes covered [30, 41, 47, 55, 53, 60, 65, 56, 62, 62, 64, 64, 66, 64, 63, 65, 65, 65, 68, 69, 69, 68, 69, 68]

Seed3:
L! norm [1.2333333333333332, 1.1, 1.0, 1.04, 0.9806666666666668, 0.9333333333333333, 0.8695238095238096, 0.9024999999999999, 0.9666666666666667, 0.954, 0.9242424242424243, 0.9383333333333334, 0.9138461538461539, 0.9623809523809524, 0.9400000000000001, 0.8908333333333333, 0.9262745098039217, 0.8922222222222224, 0.879298245614035, 0.8506666666666667, 0.9028571428571429, 0.9012121212121212, 0.9063768115942029, 0.9341666666666666]
Train modes covered [24, 33, 37, 39, 38, 41, 44, 44, 41, 43, 43, 45, 45, 45, 45, 43, 46, 44, 44, 45, 46, 46, 46, 45]
False modes covered [4, 8, 8, 11, 15, 20, 19, 28, 31, 26, 28, 27, 42, 44, 41, 43, 43, 37, 42, 42, 49, 49, 50, 52]
New modes covered [22, 35, 43, 45, 50, 53, 56, 61, 53, 62, 63, 60, 63, 62, 62, 61, 66, 63, 64, 66, 66, 67, 67, 65]


Seed4:
L! norm [1.1, 1.0433333333333334, 0.8833333333333333, 0.8383333333333335, 0.8493333333333334, 0.8266666666666665, 0.7328571428571429, 0.8375, 0.8277777777777777, 0.7626666666666666, 0.8112121212121212, 0.7666666666666666, 0.782051282051282, 0.7795238095238096, 0.7733333333333333, 0.7641666666666667, 0.7923529411764706, 0.7711111111111111, 0.7399999999999999, 0.766, 0.7442857142857144, 0.719090909090909, 0.7782608695652175, 0.7625]
Train modes covered [28, 33, 40, 42, 44, 42, 45, 46, 45, 46, 46, 46, 44, 46, 46, 45, 46, 45, 46, 45, 45, 46, 45, 46]
False modes covered [5, 9, 21, 29, 31, 32, 37, 39, 42, 41, 47, 47, 54, 53, 60, 66, 60, 57, 59, 63, 67, 58, 69, 69]
New modes covered [26, 34, 48, 55, 52, 59, 56, 60, 56, 64, 64, 59, 63, 67, 61, 65, 67, 64, 65, 67, 66, 69, 66, 66]

seed 5:
L! norm [1.1333333333333333, 1.13, 0.96, 0.9633333333333333, 0.9253333333333335, 0.93, 0.8357142857142856, 0.8883333333333334, 0.9177777777777777, 0.8773333333333334, 0.9063636363636364, 0.9000000000000001, 0.8828205128205129, 0.8714285714285714, 0.9053333333333333, 0.8712500000000001, 0.9250980392156862, 0.8777777777777778, 0.8664912280701755, 0.8829999999999999, 0.87, 0.8881818181818183, 0.8555072463768116, 0.89]
Train modes covered [26, 27, 37, 40, 43, 43, 43, 44, 45, 44, 46, 43, 46, 45, 46, 44, 45, 44, 46, 46, 45, 46, 45, 46]
False modes covered [2, 8, 15, 19, 18, 19, 20, 17, 27, 31, 26, 32, 27, 43, 34, 43, 35, 43, 41, 48, 45, 44, 47, 48]
New modes covered [26, 34, 45, 49, 51, 51, 55, 56, 56, 59, 57, 63, 64, 63, 63, 63, 66, 67, 67, 66, 66, 69, 63, 67]


0.35
Seed1:
L! norm [1.1166666666666665, 1.0233333333333334, 0.9033333333333333, 0.8433333333333334, 0.81, 0.8366666666666666, 0.8200000000000001, 0.8008333333333333, 0.8322222222222223, 0.7906666666666665, 0.7969696969696971, 0.8033333333333333, 0.8151282051282052, 0.8223809523809523, 0.7913333333333333, 0.7883333333333336, 0.801372549019608, 0.7766666666666667, 0.7875438596491229, 0.8076666666666668, 0.8128571428571428, 0.7793939393939393, 0.7646376811594203, 0.79]
Train modes covered [25, 34, 41, 43, 45, 43, 45, 43, 45, 46, 44, 44, 45, 46, 45, 45, 45, 45, 46, 46, 46, 46, 46, 46]
False modes covered [7, 15, 20, 23, 28, 30, 40, 46, 46, 45, 51, 50, 51, 63, 62, 66, 60, 62, 59, 68, 65, 75, 71, 70]
New modes covered [28, 37, 48, 48, 49, 55, 55, 59, 56, 63, 61, 60, 60, 65, 64, 63, 65, 67, 64, 67, 65, 67, 68, 65]
Seed2:
L! norm [1.1833333333333333, 0.9099999999999999, 0.84, 0.8, 0.88, 0.84, 0.8338095238095238, 0.7925, 0.8444444444444446, 0.75, 0.8003030303030303, 0.8116666666666666, 0.7974358974358973, 0.7980952380952382, 0.7739999999999999, 0.82, 0.8288235294117646, 0.7711111111111112, 0.7747368421052633, 0.7856666666666667, 0.7771428571428571, 0.7699999999999999, 0.7757971014492754, 0.7633333333333333]
Train modes covered [27, 38, 43, 42, 42, 41, 43, 44, 45, 46, 46, 44, 44, 46, 46, 46, 46, 46, 46, 46, 45, 46, 46, 46]
False modes covered [9, 17, 18, 24, 33, 30, 46, 42, 49, 44, 53, 50, 62, 61, 50, 62, 67, 59, 65, 71, 69, 78, 70, 70]
New modes covered [22, 43, 47, 51, 50, 52, 57, 57, 59, 63, 67, 62, 65, 63, 67, 67, 67, 67, 65, 68, 67, 68, 68, 69]
Seed3:
L! norm [1.1500000000000001, 0.97, 0.9233333333333333, 0.9033333333333334, 0.8633333333333334, 0.8033333333333332, 0.8085714285714285, 0.8674999999999999, 0.8955555555555557, 0.8940000000000001, 0.8157575757575757, 0.8483333333333333, 0.811025641025641, 0.860952380952381, 0.8293333333333334, 0.8208333333333333, 0.8427450980392157, 0.8477777777777777, 0.8175438596491227, 0.8180000000000002, 0.8304761904761904, 0.830909090909091, 0.8230434782608695, 0.8783333333333333]
Train modes covered [24, 34, 38, 43, 43, 44, 43, 45, 45, 44, 45, 45, 46, 46, 46, 46, 46, 45, 45, 45, 46, 46, 46, 46]
False modes covered [2, 10, 10, 23, 28, 29, 29, 29, 31, 40, 38, 40, 49, 53, 49, 53, 60, 55, 53, 56, 64, 64, 71, 63]
New modes covered [27, 37, 47, 45, 51, 56, 63, 56, 61, 65, 61, 64, 63, 66, 65, 65, 68, 69, 66, 67, 67, 67, 68, 68]
Seed4:
L! norm [1.1166666666666667, 0.9800000000000001, 0.79, 0.8333333333333334, 0.788, 0.8266666666666665, 0.7842857142857144, 0.8016666666666667, 0.8699999999999999, 0.7733333333333333, 0.7733333333333334, 0.7750000000000001, 0.7535897435897435, 0.7733333333333333, 0.7733333333333333, 0.7437499999999999, 0.753921568627451, 0.75, 0.7171929824561404, 0.7603333333333333, 0.7628571428571428, 0.7399999999999999, 0.7630434782608697, 0.7566666666666667]
Train modes covered [26, 36, 41, 42, 44, 42, 45, 43, 44, 46, 46, 46, 46, 46, 46, 45, 46, 45, 46, 46, 46, 46, 46, 46]
False modes covered [9, 9, 17, 22, 28, 34, 44, 39, 38, 43, 55, 48, 55, 62, 53, 58, 65, 55, 58, 62, 65, 68, 76, 68]
New modes covered [27, 36, 51, 53, 51, 54, 60, 59, 55, 64, 58, 62, 63, 66, 62, 66, 67, 70, 69, 64, 64, 68, 69, 67]
Seed5:
L! norm [1.1833333333333333, 1.04, 0.8866666666666667, 0.82, 0.9013333333333333, 0.9466666666666667, 0.8247619047619047, 0.8266666666666665, 0.8466666666666666, 0.8533333333333334, 0.7872727272727272, 0.8366666666666667, 0.857948717948718, 0.8076190476190476, 0.8300000000000001, 0.8812500000000002, 0.8072549019607844, 0.8, 0.797719298245614, 0.8033333333333333, 0.831904761904762, 0.8209090909090909, 0.7901449275362319, 0.8491666666666667]
Train modes covered [23, 30, 40, 42, 43, 41, 43, 43, 45, 45, 46, 46, 46, 46, 46, 44, 45, 46, 46, 45, 46, 46, 46, 46]
False modes covered [5, 9, 15, 15, 27, 37, 26, 30, 29, 40, 32, 46, 53, 43, 46, 48, 51, 53, 56, 58, 66, 64, 62, 60]
New modes covered [26, 36, 46, 49, 53, 55, 60, 64, 60, 65, 64, 62, 65, 64, 66, 66, 64, 67, 65, 69, 67, 70, 69, 64]

Ours:
Seed1:
L! norm [1.1, 0.9733333333333334, 0.8666666666666667, 0.835, 0.7993333333333333, 0.7733333333333334, 0.7628571428571429, 0.7658333333333334, 0.7333333333333334, 0.6913333333333334, 0.74, 0.74, 0.7115384615384615, 0.7433333333333334, 0.7106666666666667, 0.74, 0.7270588235294116, 0.7299999999999999, 0.6980701754385965, 0.7373333333333333, 0.7547619047619047, 0.6975757575757575, 0.6933333333333332, 0.7016666666666667]
Train modes covered [26, 36, 37, 43, 44, 44, 43, 44, 45, 45, 45, 45, 45, 46, 45, 46, 46, 46, 46, 46, 46, 45, 46, 46]
False modes covered [16, 24, 36, 41, 49, 50, 58, 65, 64, 71, 76, 69, 81, 82, 86, 86, 85, 87, 94, 94, 91, 100, 91, 96]
New modes covered [28, 36, 49, 51, 56, 62, 62, 61, 64, 65, 64, 67, 70, 66, 67, 67, 70, 69, 69, 69, 69, 67, 69, 69]

Seed2: 
L! norm [1.15, 0.9466666666666667, 0.83, 0.8, 0.8213333333333335, 0.7666666666666667, 0.7561904761904763, 0.7600000000000001, 0.7611111111111112, 0.7233333333333334, 0.743939393939394, 0.7316666666666667, 0.7184615384615385, 0.7057142857142857, 0.672, 0.7408333333333333, 0.7131372549019608, 0.7, 0.6919298245614034, 0.718, 0.7166666666666668, 0.676060606060606, 0.6997101449275361, 0.6925]
Train modes covered [25, 32, 38, 41, 43, 44, 46, 46, 46, 46, 46, 46, 46, 46, 46, 46, 46, 46, 46, 46, 46, 46, 46, 46]
False modes covered [19, 28, 35, 42, 51, 51, 63, 69, 67, 69, 77, 78, 81, 86, 78, 90, 86, 90, 94, 95, 93, 103, 104, 99]
New modes covered [26, 44, 56, 56, 56, 59, 60, 60, 66, 65, 64, 65, 66, 67, 67, 69, 68, 70, 69, 69, 70, 70, 70, 69]

Seed3:
L! norm [1.0666666666666667, 0.9933333333333334, 0.8400000000000001, 0.8133333333333335, 0.766, 0.7366666666666667, 0.7609523809523809, 0.7533333333333334, 0.7866666666666666, 0.734, 0.7327272727272727, 0.7233333333333333, 0.728974358974359, 0.7414285714285714, 0.708, 0.7445833333333335, 0.6594117647058824, 0.7377777777777778, 0.7005263157894738, 0.6883333333333335, 0.7223809523809525, 0.696060606060606, 0.6931884057971015, 0.7324999999999999]
Train modes covered [27, 35, 42, 42, 43, 42, 45, 45, 45, 46, 46, 46, 46, 46, 46, 46, 46, 46, 46, 46, 46, 46, 46, 46]
False modes covered [9, 23, 36, 29, 45, 44, 52, 53, 50, 62, 59, 67, 74, 74, 75, 77, 78, 84, 80, 84, 86, 82, 84, 88]
New modes covered [29, 39, 49, 54, 59, 60, 67, 63, 67, 67, 67, 66, 68, 70, 68, 67, 70, 69, 66, 69, 69, 69, 70, 69]

Seed4:
L! norm [1.0666666666666669, 0.9166666666666666, 0.8066666666666666, 0.805, 0.7726666666666666, 0.7233333333333334, 0.7447619047619048, 0.7033333333333333, 0.7144444444444444, 0.7126666666666667, 0.6666666666666665, 0.7016666666666667, 0.7035897435897436, 0.6933333333333332, 0.6913333333333334, 0.7116666666666667, 0.662156862745098, 0.6888888888888889, 0.6764912280701755, 0.7023333333333333, 0.6680952380952382, 0.6709090909090909, 0.6856521739130435, 0.6666666666666667]
Train modes covered [30, 37, 44, 42, 45, 46, 43, 46, 45, 46, 46, 45, 46, 46, 46, 46, 46, 46, 46, 46, 46, 46, 46, 46]
False modes covered [11, 19, 30, 37, 47, 46, 60, 51, 51, 69, 59, 64, 67, 74, 71, 71, 76, 84, 75, 82, 83, 90, 86, 77]
New modes covered [26, 42, 46, 54, 56, 58, 60, 61, 61, 61, 68, 63, 67, 67, 67, 67, 68, 70, 68, 68, 68, 67, 69, 69]

Seed5:
L! norm [1.0833333333333333, 1.0133333333333334, 0.8300000000000001, 0.8483333333333334, 0.8006666666666667, 0.8333333333333334, 0.7547619047619049, 0.71, 0.7544444444444445, 0.72, 0.7354545454545455, 0.7033333333333333, 0.7007692307692308, 0.7123809523809524, 0.7013333333333331, 0.7358333333333333, 0.6841176470588235, 0.7233333333333333, 0.7043859649122806, 0.6986666666666667, 0.7214285714285714, 0.6863636363636364, 0.6971014492753623, 0.7183333333333335]
Train modes covered [23, 33, 42, 44, 44, 43, 46, 45, 44, 46, 46, 45, 46, 46, 46, 45, 46, 46, 46, 46, 46, 46, 46, 46]
False modes covered [7, 18, 33, 31, 38, 51, 46, 56, 51, 67, 59, 60, 70, 79, 70, 74, 80, 76, 74, 84, 84, 82, 83, 83]
New modes covered [32, 37, 51, 51, 57, 60, 62, 63, 67, 67, 67, 67, 67, 68, 68, 68, 69, 68, 68, 67, 69, 70, 70, 70]

Seed1:
Inference seed1:
L! norm [1.2, 1.0233333333333334, 0.9766666666666668, 0.9133333333333334, 0.9393333333333334, 0.92, 0.8576190476190477, 0.9408333333333334, 0.9244444444444445, 0.8913333333333333, 0.9215151515151515, 0.895, 0.8810256410256411, 0.8680952380952383, 0.886, 0.8604166666666666, 0.8601960784313727, 0.9066666666666667, 0.9036842105263158, 0.8863333333333333, 0.8342857142857143, 0.8712121212121214, 0.8885507246376811, 0.8724999999999999]
Train modes covered [27, 34, 38, 40, 43, 42, 46, 44, 42, 45, 43, 45, 46, 45, 45, 45, 44, 46, 46, 46, 45, 45, 44, 46]
False modes covered [8, 16, 23, 36, 35, 40, 39, 42, 48, 49, 38, 52, 52, 51, 56, 57, 60, 65, 64, 70, 62, 67, 69, 73]
New modes covered [21, 37, 44, 53, 47, 51, 60, 56, 53, 58, 59, 58, 64, 62, 62, 63, 65, 65, 64, 63, 65, 65, 66, 67]

Seed2:
L! norm [1.2, 0.9433333333333334, 0.9166666666666666, 0.9233333333333333, 0.9306666666666669, 0.9333333333333333, 0.8923809523809523, 0.9166666666666666, 0.9344444444444445, 0.8999999999999999, 0.8945454545454545, 0.8683333333333332, 0.9, 0.8542857142857142, 0.8933333333333334, 0.8683333333333333, 0.8590196078431372, 0.8577777777777779, 0.8478947368421054, 0.8530000000000001, 0.8766666666666666, 0.843030303030303, 0.8510144927536232, 0.9249999999999999]
Train modes covered [27, 33, 37, 39, 42, 42, 43, 44, 44, 46, 42, 46, 45, 46, 46, 45, 45, 46, 46, 45, 46, 46, 46, 46]
False modes covered [12, 13, 24, 30, 35, 31, 41, 42, 37, 46, 49, 44, 44, 55, 55, 63, 62, 68, 60, 60, 66, 59, 67, 70]
New modes covered [21, 44, 48, 50, 46, 50, 54, 56, 54, 58, 59, 59, 60, 58, 64, 64, 62, 66, 64, 64, 67, 65, 65, 66]


HER2:

ours  1.0(during traing 0.5 to 1.0)
Average binding: 0.846579372882843 +/- 0.23265178501605988
Unique percentage: 0.999
Intra Diversity: 6.342098098098098 +/- 1.3592886330630

1.0
Average binding: 0.9216838479042053 +/- 0.14283369481563568
Unique percentage: 0.977
Intra Diversity:5.5692432432432435 +/- 1.3914842421990194
edit Diversity: 6.632367288060364 +/- 1.349471377173824
Accuracy tensor(968.)



0.5
Average binding: 0.7153638601303101 +/- 0.327656090259552
Unique percentage: 1.0
Intra Diversity:: 7.076762762762763 +/- 1.3310037346741335
Accuracy tensor(759.)

0.75 
Average binding: 0.837361216545105 +/- 0.24434037506580353
Unique percentage: 1.0
Intra Diversity: 6.455893893893894 +/- 1.3573993995440825
Accuracy tensor(890.)

0.85
Average binding: 0.8688768744468689 +/- 0.21197685599327087
Unique percentage: 0.999
Intra Diversity: 6.094670670670671 +/- 1.3543621093983782
edit Diversity: 6.777412671992899 +/- 1.3357502115017423
Accuracy tensor(920.)

0.9
Average binding: 0.9059150218963623 +/- 0.1630718857049942
Unique percentage: 0.989
Intra Diversity: 5.728272272272272 +/- 1.3408503860236018
edit Diversity: 6.670401353750555 +/- 1.3335161035532364
Accuracy tensor(952.)
0.9
Average binding: 0.8900202512741089 +/- 0.183762326836586
Unique percentage: 0.999
Intra Diversity: 5.947205205205205 +/- 1.3580050348240762
edit Diversity: 6.730832556591212 +/- 1.338964511262293
Accuracy tensor(942.)


ours (0.5 to 1.0 during inf, with 0.01 in lang)
Average binding: 0.9306594729423523 +/- 0.12617842853069305
Unique percentage: 0.98
Intra Diversity: 5.7727407407407405 +/- 1.4189694676778826
edit Diversity: 6.702303928095872 +/- 1.354165417263555
Accuracy tensor(976.)


ours (Druing inferece, varying sigma, 0.5 noise to lang)
beta sheet percentages: 0.39003261993083493 +- 0.021905136010147225
instability indices: 37.37881084873631 +- 6.334596709496484
aromaticity: 0.1176168809768821 +- 0.010958016689227775
Unique percentage: 1.0
Intra Diversity: 104.38448848848849 +- 24.66939446879624
number of test  999
Edit Distance: 105.06783183183182 +- 21.458888445981653
FID 0.11155549978392543
DCS: 0.468645 +- 0.296082

above sampled with seed 0x121 (i guess i trained with this)
-----------------------
beta sheet percentages: 0.39207803025369975 +- 0.023041603681642032
instability indices: 36.949177890771615 +- 6.221331105275066
aromaticity: 0.11756529601808811 +- 0.0105315836347151
Unique percentage: 1.0
Intra Diversity: 103.04172372372372 +- 25.377876023481768
number of test  999
Edit Distance: 104.81046246246247 +- 21.668959071297724
FID 0.3772293449221945 (now computed with test data)
DCS: 0.473847 +- 0.296554
Average WD: 0.09231581990180136
Total WD: 1.3847372985270205
Proportion valid samples: 1.0

trained and tested with seed: 0xf1e (0.5 noise to lang)
beta sheet percentages: 0.37710828447546596 +- 0.01786148442697727
instability indices: 40.811583314969496 +- 6.557749806012433
aromaticity: 0.12267745223632974 +- 0.010839454096729775
Unique percentage: 1.0
Intra Diversity: 106.12700900900902 +- 21.374791801734265
number of test  999
Edit Distance: 104.64285385385385 +- 20.266571468868765
FID 0.3507919526065441 (now computed with test data)
DCS: 0.467931 +- 0.288949


1.0 (0xf1e)
beta sheet percentages: 0.3762855681674551 +- 0.019908082121623195
instability indices: 39.80347414850035 +- 5.907813011300727
aromaticity: 0.11434705922888691 +- 0.011265073619478207
Unique percentage: 1.0
Intra Diversity: 96.44136936936937 +- 24.64220335263824
number of test  999
Edit Distance: 97.66005905905907 +- 23.899243221136906
FID 0.29922392999360253
DCS: 0.460084 +- 0.302720
Average WD: 0.0789755915677872
Total WD: 1.184633873516808
Proportion valid samples: 1.0


above sampled with seed 0x121
beta sheet percentages: 0.37711409789395 +- 0.020133522015032067
instability indices: 39.61389732878344 +- 5.952041162818495
aromaticity: 0.11473190381988124 +- 0.011434415977478962
Unique percentage: 1.0
Intra Diversity: 96.34880280280281 +- 24.837632904051635
number of test  999
Edit Distance: 97.824996996997 +- 23.892265001499812
FID 0.673449283161952 (now computed with test data)
DCS: 0.449592 +- 0.302152


trained and tested with  seed: 0xf1e
beta sheet percentages: 0.37344753875602343 +- 0.01808670860164787
instability indices: 42.86149845373688 +- 5.787548731492687
aromaticity: 0.11880845714440738 +- 0.01117356323084177
Unique percentage: 1.0
Intra Diversity: 95.87751951951952 +- 24.4128542162598
number of test  999
Edit Distance: 100.98046546546547 +- 22.061072836974112
FID 0.20400849935078003 (now computed with test data)
DCS: 0.479513 +- 0.295319

-----------------------
same as above but with 0.5 in langevin
-----------------------
beta sheet percentages: 0.37400657165792534 +- 0.018626676060447003
instability indices: 42.02627970868434 +- 6.214509107597535
aromaticity: 0.11587555245627391 +- 0.01128153999609813
Unique percentage: 0.999
Intra Diversity: 101.13817217217218 +- 23.623533454486893
number of test  999
Edit Distance: 103.66969269269269 +- 21.086625547076505
FID 0.6275123235005398
DCS: 0.444499 +- 0.303116


1.0 with seed 0x121 during inference and possibly traind.
6 features
beta sheet percentages: 0.37711409789395 +- 0.020133522015032067
instability indices: 39.61389732878344 +- 5.952041162818495
aromaticity: 0.11473190381988124 +- 0.011434415977478962
Unique percentage: 1.0
Intra Diversity: 96.34880280280281 +- 24.837632904051635
number of test  999
Edit Distance: 97.824996996997 +- 23.892265001499812
FID 0.9461136972269155
DCS: 0.444644 +- 0.301687


seed 0xf1e 6 features

ours

beta sheet percentages: 0.37710828447546596 +- 0.01786148442697727
instability indices: 40.811583314969496 +- 6.557749806012433
aromaticity: 0.12267745223632974 +- 0.010839454096729775
Unique percentage: 1.0
Intra Diversity: 106.12700900900902 +- 21.374791801734265
number of test  999
Edit Distance: 104.64285385385385 +- 20.266571468868765
FID 1.2068382021514106
DCS: 0.418189 +- 0.306459



#for now 1.0 inf with 0.5 *lang shows fine resutls

temp good 0.85 to 1.0
Average binding: 0.9135780930519104 +/- 0.1450321227312088
Unique percentage: 0.99
Intra Diversity: 5.776212212212212 +/- 1.3741110902322673
edit Diversity: 6.684270861074124 +/- 1.345358807776992
Accuracy tensor(968.)

1.0
Average binding: 0.9190257787704468 +/- 0.14271147549152374
Unique percentage: 0.987
Intra Diversity: 5.636328328328329 +/- 1.3517212444253957
edit Diversity: 6.63898535286285 +/- 1.3423628663784608
Accuracy tensor(968.)

Average binding: 0.9167382717132568 +/- 0.14133165776729584
Unique percentage: 0.986
Intra Diversity: 5.715263263263263 +/- 1.357077641657709
edit Diversity: 6.667111185086552 +/- 1.3421316272976036
Accuracy tensor(968.)

ours (0.9 t.10)
Average binding: 0.9229861497879028 +/- 0.13839785754680634
Unique percentage: 0.988
Intra Diversity: 5.540022022022022 +/- 1.3295343173519563
edit Diversity: 6.594232578783844 +/- 1.3466276627919462
Accuracy tensor(968.)

Average binding: 0.8484601378440857 +/- 0.23761893808841705
Unique percentage: 0.997
Intra Diversity: 6.210230230230231 +/- 1.3563669039847854
edit Diversity: 6.803281069684864 +/- 1.3343259003353145
Accuracy tensor(898.)



 {'fv_heavy_aromaticity_wd': 0.04742479986836917, 'fv_heavy_avg_hydrophilicity_wd': 0.0527575397700084, 'fv_heavy_avg_surface_accessibility_wd': 0.11796913583617732, 'fv_heavy_charge_at_pH6_wd': 0.10599179353807786, 'fv_heavy_charge_at_pH7_wd': 0.09899400256933524, 'fv_heavy_gravy_wd': 0.06467784208825585, 'fv_heavy_helix_fraction_wd': 0.05179501153584624, 'fv_heavy_instability_index_wd': 0.06641853222611933, 'fv_heavy_isoelectric_point_wd': 0.042784873041476164, 'fv_heavy_length_wd': 0.24276132913187626, 'fv_heavy_molar_extinction_coefficient_oxidized_wd': 0.04753880968785521, 'fv_heavy_molar_extinction_coefficient_reduced_wd': 0.04798542344730483, 'fv_heavy_molecular_weight_wd': 0.20711177170594225, 'fv_heavy_sheet_structure_fraction_wd': 0.05354601869779951, 'fv_heavy_turn_structure_fraction_wd': 0.06668302249440922}
Average WD: 0.0876293270425902
Total WD: 1.314439905638853
Proportion valid samples: 1.0